rank,team,note
1,Minnesota Vikings,
2,Las Vegas Raiders,
4,San Francisco 49ers,
5,Pittsburgh Steelers,
8,Jacksonville Jaguars,
9,New England Patriots,
12,Detroit Lions,
14,Seattle Seahawks,
15,Green Bay Packers,
18,Atlanta Falcons,
19,Los Angeles Rams,
21,Kansas City Chiefs,
22,Chicago Bears,
23,Cincinnati Bengals,
24,Cleveland Browns,
25,Arizona Cardinals,
26,New York Jets,
27,Carolina Panthers,
28,Tennessee Titans,
